1003
1006
1012
2001
2002
2015
2018
3008
4001
4007
7362587
2342933
7335700
2027500
3384450
7295000
7359610
7060710
8029500
2027000
2315500
7067000
6452000
6934000
7068000
7056000
5131500
13340000
7014500
6360500
7056000
7067000
7066000
7335700
7346045
7068000
7071500
2314500
8195000
7057500
7056000
7067000
7068000
2314500
7071500
7014500
2315500
7066000
5062500
7346045
7359610
7295000
2342933
7335700
7362587
8029500
7340300
2469800
2374500
8025500
7056000
7067000
7292500
2314500
7290650
2472000
7295000
2363000
7068000
7071500
7359610
7340300
7295000
7362587
7335700
8029500
2374500
2427250
2363000
2479155
2472500
2422500
2363000
7375000
2371500
7295000
8066300
2372250
7196900
7261000
2342933
8029500
2374500
8066300
2427250
2469800
2479155
2324400
7295000
2369800
2371500
2427250
2374500
2363000
2372250
8014500
2422500
7290650
8066300
2469800

